0000086952017011720170201010100000005000000000000150000000 0000 00001500233000099015800020600000000   
0000086952017011720170201010100000005000000000000150000000 C    00001500233000099015800020600000000   
0000087042017011720170201010100000005000000000000150000000 B    00001500223000099015800020600000000   
0000087132017011720170201010100000005000000000000150000000 A    00001500213000099015800020600000000   
0000086822017011720170201040025000005000000000000150000000 0000 00001500233000099015800020600000014   
0000086822017011720170201040025000005000000000000150000000 C    00001500233000099015800020600000014   
0000086832017011720170201040025000005000000000000150000000 B    00001500223000099015800020600000014   
0000086842017011720170201040025000005000000000000150000000 A    00001500213000099015800020600000014   
0000086962017011720170206020050000006000000000000200000000 0000 00002000233000099015800020600000020   
0000086962017011720170206020050000006000000000000200000000 C    00002000233000099015800020600000020   
0000087032017011720170206020050000006000000000000200000000 B    00002000223000099015800020600000020   
0000087122017011720170206020050000006000000000000200000000 A    00002000213000099015800020600000020   
0000086962017011720170206030033333339000000000000200000000 0000 00002000233000099015800020600000020   
0000086962017011720170206030033333339000000000000200000000 C    00002000233000099015800020600000020   
0000087032017011720170206030033333339000000000000200000000 B    00002000223000099015800020600000020   
0000087122017011720170206030033333339000000000000200000000 A    00002000213000099015800020600000020   
0000086892017011720170211020050000007000000000000250000000 B    00002500223000099015800020600000025   
0000086972017011720170211020050000007000000000000250000000 0000 00002500233000099015800020600000025   
0000086972017011720170211020050000007000000000000250000000 C    00002500233000099015800020600000025   
0000087112017011720170211020050000007000000000000250000000 A    00002500213000099015800020600000025   
0000086792017011720170214010100000009000000000000280000000 B    00002800223000099015800020600000000   
0000086802017011720170214010100000009000000000000280000000 0000 00002800233000099015800020600000000   
0000086802017011720170214010100000009000000000000280000000 C    00002800233000099015800020600000000   
0000086812017011720170214010100000009000000000000280000000 A    00002800213000099015800020600000000   
0000086792017011720170214020050000007000000000000280000000 B    00002800223000099015800020600000014   
0000086802017011720170214020050000007000000000000280000000 0000 00002800233000099015800020600000014   
0000086802017011720170214020050000007000000000000280000000 C    00002800233000099015800020600000014   
0000086812017011720170214020050000007000000000000280000000 A    00002800213000099015800020600000014   
0000086852017011720170214020050000007000000000000280000000 0000 00002800233000099015800020600000028   
0000086852017011720170214020050000007000000000000280000000 C    00002800233000099015800020600000028   
0000086862017011720170214020050000007000000000000280000000 A    00002800213000099015800020600000028   
0000086872017011720170214020050000007000000000000280000000 B    00002800223000099015800020600000028   
0000086792017011720170214030033333340000000000000280000000 B    00002800223000099015800020600000014   
0000086802017011720170214030033333340000000000000280000000 0000 00002800233000099015800020600000014   
0000086802017011720170214030033333340000000000000280000000 C    00002800233000099015800020600000014   
0000086812017011720170214030033333340000000000000280000000 A    00002800213000099015800020600000014   
0000086852017011720170214030033333340000000000000280000000 0000 00002800233000099015800020600000028   
0000086852017011720170214030033333340000000000000280000000 C    00002800233000099015800020600000028   
0000086862017011720170214030033333340000000000000280000000 A    00002800213000099015800020600000028   
0000086872017011720170214030033333340000000000000280000000 B    00002800223000099015800020600000028   
0000086852017011720170214040025000006000000000000280000000 0000 00002800233000099015800020600000028   
0000086852017011720170214040025000006000000000000280000000 C    00002800233000099015800020600000028   
0000086862017011720170214040025000006000000000000280000000 A    00002800213000099015800020600000028   
0000086872017011720170214040025000006000000000000280000000 B    00002800223000099015800020600000028   
0000086852017011720170214050020000006000000000000280000000 0000 00002800233000099015800020600000028   
0000086852017011720170214050020000006000000000000280000000 C    00002800233000099015800020600000028   
0000086862017011720170214050020000006000000000000280000000 A    00002800213000099015800020600000028   
0000086872017011720170214050020000006000000000000280000000 B    00002800223000099015800020600000028   
0000086852017011720170214060016666672000000000000280000000 0000 00002800233000099015800020600000028   
0000086852017011720170214060016666672000000000000280000000 C    00002800233000099015800020600000028   
0000086862017011720170214060016666672000000000000280000000 A    00002800213000099015800020600000028   
0000086872017011720170214060016666672000000000000280000000 B    00002800223000099015800020600000028   
0000074912017011720170216010100000010000000000000300000000 0000 00003000233000099015800020600000000   
0000074912017011720170216010100000010000000000000300000000 C    00003000233000099015800020600000000   
0000074932017011720170216010100000010000000000000300000000 A    00003000213000099015800020600000000   
0000074942017011720170216010100000010000000000000300000000 B    00003000223000099015800020600000000   
0000074912017011720170216020050000007000000000000300000000 0000 00003000233000099015800020600000030   
0000074912017011720170216020050000007000000000000300000000 C    00003000233000099015800020600000030   
0000074932017011720170216020050000007000000000000300000000 A    00003000213000099015800020600000030   
0000074942017011720170216020050000007000000000000300000000 B    00003000223000099015800020600000030   
0000074912017011720170216030033333340000000000000300000000 0000 00003000233000099015800020600000030   
0000074912017011720170216030033333340000000000000300000000 C    00003000233000099015800020600000030   
0000074932017011720170216030033333340000000000000300000000 A    00003000213000099015800020600000030   
0000074942017011720170216030033333340000000000000300000000 B    00003000223000099015800020600000030   
0000074912017011720170216040025000006000000000000300000000 0000 00003000233000099015800020600000030   
0000074912017011720170216040025000006000000000000300000000 C    00003000233000099015800020600000030   
0000074932017011720170216040025000006000000000000300000000 A    00003000213000099015800020600000030   
0000074942017011720170216040025000006000000000000300000000 B    00003000223000099015800020600000030   
0000074912017011720170216050020000006000000000000300000000 0000 00003000233000099015800020600000030   
0000074912017011720170216050020000006000000000000300000000 C    00003000233000099015800020600000030   
0000074932017011720170216050020000006000000000000300000000 A    00003000213000099015800020600000030   
0000074942017011720170216050020000006000000000000300000000 B    00003000223000099015800020600000030   
0000074912017011720170216060016666672000000000000300000000 0000 00003000233000099015800020600000030   
0000074912017011720170216060016666672000000000000300000000 C    00003000233000099015800020600000030   
0000074932017011720170216060016666672000000000000300000000 A    00003000213000099015800020600000030   
0000074942017011720170216060016666672000000000000300000000 B    00003000223000099015800020600000030   
0000086902017011720170221010100000011000000000000350000000 B    00003500223000099015800020600000000   
0000086982017011720170221010100000011000000000000350000000 0000 00003500233000099015800020600000000   
0000086982017011720170221010100000011000000000000350000000 C    00003500233000099015800020600000000   
0000087102017011720170221010100000011000000000000350000000 A    00003500213000099015800020600000000   
0000086992017011720170228010100000014000000000000420000000 0000 00004200233000099015800020600000000   
0000086992017011720170228010100000014000000000000420000000 C    00004200233000099015800020600000000   
0000087092017011720170228010100000014000000000000420000000 A    00004200213000099015800020600000000   
0000087152017011720170228010100000014000000000000420000000 B    00004200223000099015800020600000000   
0000086912017011720170303010100000015000000000000450000000 B    00004500223000099015800020600000000   
0000087002017011720170303010100000015000000000000450000000 0000 00004500233000099015800020600000000   
0000087002017011720170303010100000015000000000000450000000 C    00004500233000099015800020600000000   
0000087082017011720170303010100000015000000000000450000000 A    00004500213000099015800020600000000   
0000086922017011720170314010100000018000000000000560000000 B    00005600223000099015800020600000000   
0000087012017011720170314010100000018000000000000560000000 0000 00005600233000099015800020600000000   
0000087012017011720170314010100000018000000000000560000000 C    00005600233000099015800020600000000   
0000087072017011720170314010100000018000000000000560000000 A    00005600213000099015800020600000000   
0000086932017011720170318010100000020000000000000600000000 B    00006000223000099015800020600000000   
0000087022017011720170318010100000020000000000000600000000 0000 00006000233000099015800020600000000   
0000087022017011720170318010100000020000000000000600000000 C    00006000233000099015800020600000000   
0000087062017011720170318010100000020000000000000600000000 A    00006000213000099015800020600000000   
0000129212017011720170716010100000060000000000001800000000 A    00018000213000099015800020600000000   
