000005567201608252016092401010000001000000000000030 000000 0000 00003000184000099012900018400000030   
000005567201608252016092402005000000700000000000030 000000 0000 00003000184000099012900018400000030   
000005567201608252016092403003333334000000000000030 000000 0000 00003000184000099012900018400000030   
000005567201608252016092404002500000600000000000030 000000 0000 00003000184000099012900018400000030   
000006093201608252016100901010000001500000000000045 000000 0000 00004500184000099012900018400000030   
000005568201608252016102401010000002000000000000060 000000 0000 00006000184000099012900018400000030   
000005566201608252016112301010000003000000000000090 000000 0000 00009000184000099012900018400000030   
000005567201608262016092501010000001000000000000030 000000 0000 00003000184000099012900018400000030   
000005567201608262016092502005000000700000000000030 000000 0000 00003000184000099012900018400000030   
000005567201608262016092503003333334000000000000030 000000 0000 00003000184000099012900018400000030   
000005567201608262016092504002500000600000000000030 000000 0000 00003000184000099012900018400000030   
000006093201608262016101001010000001500000000000045 000000 0000 00004500184000099012900018400000030   
000005568201608262016102501010000002000000000000060 000000 0000 00006000184000099012900018400000030   
000005566201608262016112401010000003000000000000090 000000 0000 00009000184000099012900018400000030   
000005567201608272016092601010000001000000000000030 000000 0000 00003000184000099012900018400000030   
000005567201608272016092602005000000700000000000030 000000 0000 00003000184000099012900018400000030   
000005567201608272016092603003333334000000000000030 000000 0000 00003000184000099012900018400000030   
000005567201608272016092604002500000600000000000030 000000 0000 00003000184000099012900018400000030   
000006093201608272016101101010000001500000000000045 000000 0000 00004500184000099012900018400000030   
000005568201608272016102601010000002000000000000060 000000 0000 00006000184000099012900018400000030   
000005566201608272016112501010000003000000000000090 000000 0000 00009000184000099012900018400000030   
000005567201608282016092701010000001000000000000030 000000 0000 00003000184000099012900018400000030   
000005567201608282016092702005000000700000000000030 000000 0000 00003000184000099012900018400000030   
000005567201608282016092703003333334000000000000030 000000 0000 00003000184000099012900018400000030   
000005567201608282016092704002500000600000000000030 000000 0000 00003000184000099012900018400000030   
000006093201608282016101201010000001500000000000045 000000 0000 00004500184000099012900018400000030   
000005568201608282016102701010000002000000000000060 000000 0000 00006000184000099012900018400000030   
000005566201608282016112601010000003000000000000090 000000 0000 00009000184000099012900018400000030   
000005567201608292016092801010000001000000000000030 000000 0000 00003000184000099012900018400000030   
000005567201608292016092802005000000800000000000030 000000 0000 00003000184000099012900018400000030   
000005567201608292016092803003333334000000000000030 000000 0000 00003000184000099012900018400000030   
000005567201608292016092804002500000600000000000030 000000 0000 00003000184000099012900018400000030   
000006093201608292016101301010000001500000000000045 000000 0000 00004500184000099012900018400000030   
000005568201608292016102801010000002000000000000060 000000 0000 00006000184000099012900018400000030   
000005566201608292016112701010000003000000000000090 000000 0000 00009000184000099012900018400000030   
000005567201608302016092901010000001000000000000030 000000 0000 00003000184000099012900018400000030   
000005567201608302016092902005000000800000000000030 000000 0000 00003000184000099012900018400000030   
000005567201608302016092903003333334000000000000030 000000 0000 00003000184000099012900018400000030   
000005567201608302016092904002500000600000000000030 000000 0000 00003000184000099012900018400000030   
000006093201608302016101401010000001500000000000045 000000 0000 00004500184000099012900018400000030   
000005568201608302016102901010000002000000000000060 000000 0000 00006000184000099012900018400000030   
000005566201608302016112801010000003000000000000090 000000 0000 00009000184000099012900018400000030   
000005567201608312016093001010000001100000000000030 000000 0000 00003000184000099012900018400000030   
000005567201608312016093002005000000800000000000030 000000 0000 00003000184000099012900018400000030   
000005567201608312016093003003333334000000000000030 000000 0000 00003000184000099012900018400000030   
000005567201608312016093004002500000600000000000030 000000 0000 00003000184000099012900018400000030   
000006093201608312016101501010000001600000000000045 000000 0000 00004500184000099012900018400000030   
000005568201608312016103001010000002100000000000060 000000 0000 00006000184000099012900018400000030   
000005566201608312016112901010000003100000000000090 000000 0000 00009000184000099012900018400000030   
000005567201609012016100101010000001000000000000030 000000 0000 00003000184000099012900018400000030   
000005567201609012016100102005000000700000000000030 000000 0000 00003000184000099012900018400000030   
000005567201609012016100103003333334000000000000030 000000 0000 00003000184000099012900018400000030   
000005567201609012016100104002500000600000000000030 000000 0000 00003000184000099012900018400000030   
000006093201609012016101601010000001500000000000045 000000 0000 00004500184000099012900018400000030   
000005568201609012016103101010000002000000000000060 000000 0000 00006000184000099012900018400000030   
000005566201609012016113001010000003000000000000090 000000 0000 00009000184000099012900018400000030   
000005567201609022016100201010000001000000000000030 000000 0000 00003000184000099012900018400000030   
000005567201609022016100202005000000700000000000030 000000 0000 00003000184000099012900018400000030   
000005567201609022016100203003333334000000000000030 000000 0000 00003000184000099012900018400000030   
000005567201609022016100204002500000600000000000030 000000 0000 00003000184000099012900018400000030   
000006093201609022016101701010000001500000000000045 000000 0000 00004500184000099012900018400000030   
000005568201609022016110101010000002000000000000060 000000 0000 00006000184000099012900018400000030   
000005566201609022016120101010000003000000000000090 000000 0000 00009000184000099012900018400000030   
000005567201609032016100301010000001000000000000030 000000 0000 00003000184000099012900018400000030   
000005567201609032016100302005000000700000000000030 000000 0000 00003000184000099012900018400000030   
000005567201609032016100303003333334000000000000030 000000 0000 00003000184000099012900018400000030   
000005567201609032016100304002500000600000000000030 000000 0000 00003000184000099012900018400000030   
000006093201609032016101801010000001500000000000045 000000 0000 00004500184000099012900018400000030   
000005568201609032016110201010000002000000000000060 000000 0000 00006000184000099012900018400000030   
000005566201609032016120201010000003000000000000090 000000 0000 00009000184000099012900018400000030   
000005567201609042016100401010000001000000000000030 000000 0000 00003000184000099012900018400000030   
000005567201609042016100402005000000700000000000030 000000 0000 00003000184000099012900018400000030   
000005567201609042016100403003333334000000000000030 000000 0000 00003000184000099012900018400000030   
000005567201609042016100404002500000600000000000030 000000 0000 00003000184000099012900018400000030   
000006093201609042016101901010000001500000000000045 000000 0000 00004500184000099012900018400000030   
000005568201609042016110301010000002000000000000060 000000 0000 00006000184000099012900018400000030   
000005566201609042016120301010000003000000000000090 000000 0000 00009000184000099012900018400000030   
000005567201609052016100501010000000900000000000030 000000 0000 00003000184000099012900018400000030   
000005567201609052016100502005000000700000000000030 000000 0000 00003000184000099012900018400000030   
000005567201609052016100503003333334000000000000030 000000 0000 00003000184000099012900018400000030   
000005567201609052016100504002500000600000000000030 000000 0000 00003000184000099012900018400000030   
000006093201609052016102001010000001400000000000045 000000 0000 00004500184000099012900018400000030   
000005568201609052016110401010000001900000000000060 000000 0000 00006000184000099012900018400000030   
000005566201609052016120401010000002900000000000090 000000 0000 00009000184000099012900018400000030   
000005567201609062016100601010000000900000000000030 000000 0000 00003000184000099012900018400000030   
000005567201609062016100602005000000700000000000030 000000 0000 00003000184000099012900018400000030   
000005567201609062016100603003333334000000000000030 000000 0000 00003000184000099012900018400000030   
000005567201609062016100604002500000600000000000030 000000 0000 00003000184000099012900018400000030   
000006093201609062016102101010000001400000000000045 000000 0000 00004500184000099012900018400000030   
000005568201609062016110501010000001900000000000060 000000 0000 00006000184000099012900018400000030   
000005566201609062016120501010000002900000000000090 000000 0000 00009000184000099012900018400000030   
000005567201609072016100701010000001000000000000030 000000 0000 00003000184000099012900018400000030   
000005567201609072016100702005000000700000000000030 000000 0000 00003000184000099012900018400000030   
000005567201609072016100703003333334000000000000030 000000 0000 00003000184000099012900018400000030   
000005567201609072016100704002500000600000000000030 000000 0000 00003000184000099012900018400000030   
000006093201609072016102201010000001500000000000045 000000 0000 00004500184000099012900018400000030   
000005568201609072016110601010000002000000000000060 000000 0000 00006000184000099012900018400000030   
000005566201609072016120601010000003000000000000090 000000 0000 00009000184000099012900018400000030   
000005567201609082016100801010000001000000000000030 000000 0000 00003000184000099012900018400000030   
000005567201609082016100802005000000700000000000030 000000 0000 00003000184000099012900018400000030   
000005567201609082016100803003333334000000000000030 000000 0000 00003000184000099012900018400000030   
000005567201609082016100804002500000600000000000030 000000 0000 00003000184000099012900018400000030   
000006093201609082016102301010000001500000000000045 000000 0000 00004500184000099012900018400000030   
000005568201609082016110701010000002000000000000060 000000 0000 00006000184000099012900018400000030   
000005566201609082016120701010000003000000000000090 000000 0000 00009000184000099012900018400000030   
000005567201609092016100901010000001000000000000030 000000 0000 00003000184000099012900018400000030   
000005567201609092016100902005000000700000000000030 000000 0000 00003000184000099012900018400000030   
000005567201609092016100903003333334000000000000030 000000 0000 00003000184000099012900018400000030   
000005567201609092016100904002500000600000000000030 000000 0000 00003000184000099012900018400000030   
000006093201609092016102401010000001500000000000045 000000 0000 00004500184000099012900018400000030   
000005568201609092016110801010000002000000000000060 000000 0000 00006000184000099012900018400000030   
000005566201609092016120801010000003000000000000090 000000 0000 00009000184000099012900018400000030   
000005567201609102016101001010000001000000000000030 000000 0000 00003000184000099012900018400000030   
000005567201609102016101002005000000700000000000030 000000 0000 00003000184000099012900018400000030   
000005567201609102016101003003333334000000000000030 000000 0000 00003000184000099012900018400000030   
000005567201609102016101004002500000600000000000030 000000 0000 00003000184000099012900018400000030   
000006093201609102016102501010000001500000000000045 000000 0000 00004500184000099012900018400000030   
000005568201609102016110901010000002000000000000060 000000 0000 00006000184000099012900018400000030   
000005566201609102016120901010000003000000000000090 000000 0000 00009000184000099012900018400000030   
000005567201609112016101101010000001000000000000030 000000 0000 00003000184000099012900018400000030   
000005567201609112016101102005000000700000000000030 000000 0000 00003000184000099012900018400000030   
000005567201609112016101103003333334000000000000030 000000 0000 00003000184000099012900018400000030   
000005567201609112016101104002500000600000000000030 000000 0000 00003000184000099012900018400000030   
000006093201609112016102601010000001500000000000045 000000 0000 00004500184000099012900018400000030   
000005568201609112016111001010000002000000000000060 000000 0000 00006000184000099012900018400000030   
000005566201609112016121001010000003000000000000090 000000 0000 00009000184000099012900018400000030   
000005567201609122016101201010000000900000000000030 000000 0000 00003000184000099012900018400000030   
000005567201609122016101202005000000700000000000030 000000 0000 00003000184000099012900018400000030   
000005567201609122016101203003333334000000000000030 000000 0000 00003000184000099012900018400000030   
000005567201609122016101204002500000600000000000030 000000 0000 00003000184000099012900018400000030   
000006093201609122016102701010000001400000000000045 000000 0000 00004500184000099012900018400000030   
000005568201609122016111101010000001900000000000060 000000 0000 00006000184000099012900018400000030   
000005566201609122016121101010000002900000000000090 000000 0000 00009000184000099012900018400000030   
000005567201609132016101301010000000900000000000030 000000 0000 00003000184000099012900018400000030   
000005567201609132016101302005000000700000000000030 000000 0000 00003000184000099012900018400000030   
000005567201609132016101303003333334000000000000030 000000 0000 00003000184000099012900018400000030   
000005567201609132016101304002500000600000000000030 000000 0000 00003000184000099012900018400000030   
000006093201609132016102801010000001400000000000045 000000 0000 00004500184000099012900018400000030   
000005568201609132016111201010000001900000000000060 000000 0000 00006000184000099012900018400000030   
000005566201609132016121201010000002900000000000090 000000 0000 00009000184000099012900018400000030   
000005567201609142016101401010000001000000000000030 000000 0000 00003000184000099012900018400000030   
000005567201609142016101402005000000700000000000030 000000 0000 00003000184000099012900018400000030   
000005567201609142016101403003333334000000000000030 000000 0000 00003000184000099012900018400000030   
000005567201609142016101404002500000600000000000030 000000 0000 00003000184000099012900018400000030   
000006093201609142016102901010000001500000000000045 000000 0000 00004500184000099012900018400000030   
000005568201609142016111301010000002000000000000060 000000 0000 00006000184000099012900018400000030   
000005566201609142016121301010000003000000000000090 000000 0000 00009000184000099012900018400000030   
000005567201609152016101501010000001000000000000030 000000 0000 00003000184000099012900018400000030   
000005567201609152016101502005000000700000000000030 000000 0000 00003000184000099012900018400000030   
000005567201609152016101503003333334000000000000030 000000 0000 00003000184000099012900018400000030   
000005567201609152016101504002500000600000000000030 000000 0000 00003000184000099012900018400000030   
000006093201609152016103001010000001500000000000045 000000 0000 00004500184000099012900018400000030   
000005568201609152016111401010000002000000000000060 000000 0000 00006000184000099012900018400000030   
000005566201609152016121401010000003000000000000090 000000 0000 00009000184000099012900018400000030   
000005567201609162016101601010000001000000000000030 000000 0000 00003000184000099012900018400000030   
000005567201609162016101602005000000700000000000030 000000 0000 00003000184000099012900018400000030   
000005567201609162016101603003333334000000000000030 000000 0000 00003000184000099012900018400000030   
000005567201609162016101604002500000600000000000030 000000 0000 00003000184000099012900018400000030   
000006093201609162016103101010000001500000000000045 000000 0000 00004500184000099012900018400000030   
000005568201609162016111501010000002000000000000060 000000 0000 00006000184000099012900018400000030   
000005566201609162016121501010000003000000000000090 000000 0000 00009000184000099012900018400000030   
000005567201609172016101701010000001000000000000030 000000 0000 00003000184000099012900018400000030   
000005567201609172016101702005000000700000000000030 000000 0000 00003000184000099012900018400000030   
000005567201609172016101703003333334000000000000030 000000 0000 00003000184000099012900018400000030   
000005567201609172016101704002500000600000000000030 000000 0000 00003000184000099012900018400000030   
000006093201609172016110101010000001500000000000045 000000 0000 00004500184000099012900018400000030   
000005568201609172016111601010000002000000000000060 000000 0000 00006000184000099012900018400000030   
000005566201609172016121601010000003000000000000090 000000 0000 00009000184000099012900018400000030   
000005567201609182016101801010000001000000000000030 000000 0000 00003000184000099012900018400000030   
000005567201609182016101802005000000700000000000030 000000 0000 00003000184000099012900018400000030   
000005567201609182016101803003333334000000000000030 000000 0000 00003000184000099012900018400000030   
000005567201609182016101804002500000600000000000030 000000 0000 00003000184000099012900018400000030   
000006093201609182016110201010000001500000000000045 000000 0000 00004500184000099012900018400000030   
000005568201609182016111701010000002000000000000060 000000 0000 00006000184000099012900018400000030   
000005566201609182016121701010000003000000000000090 000000 0000 00009000184000099012900018400000030   
000005567201609192016101901010000000900000000000030 000000 0000 00003000184000099012900018400000030   
000005567201609192016101902005000000700000000000030 000000 0000 00003000184000099012900018400000030   
000005567201609192016101903003333334000000000000030 000000 0000 00003000184000099012900018400000030   
000005567201609192016101904002500000600000000000030 000000 0000 00003000184000099012900018400000030   
000006093201609192016110301010000001400000000000045 000000 0000 00004500184000099012900018400000030   
000005568201609192016111801010000001900000000000060 000000 0000 00006000184000099012900018400000030   
000005566201609192016121801010000002900000000000090 000000 0000 00009000184000099012900018400000030   
000005567201609202016102001010000000900000000000030 000000 0000 00003000184000099012900018400000030   
000005567201609202016102002005000000700000000000030 000000 0000 00003000184000099012900018400000030   
000005567201609202016102003003333334000000000000030 000000 0000 00003000184000099012900018400000030   
000005567201609202016102004002500000600000000000030 000000 0000 00003000184000099012900018400000030   
000006093201609202016110401010000001400000000000045 000000 0000 00004500184000099012900018400000030   
000005568201609202016111901010000001900000000000060 000000 0000 00006000184000099012900018400000030   
000005566201609202016121901010000002900000000000090 000000 0000 00009000184000099012900018400000030   
000005567201609212016102101010000001000000000000030 000000 0000 00003000184000099012900018400000030   
000005567201609212016102102005000000700000000000030 000000 0000 00003000184000099012900018400000030   
000005567201609212016102103003333334000000000000030 000000 0000 00003000184000099012900018400000030   
000005567201609212016102104002500000600000000000030 000000 0000 00003000184000099012900018400000030   
000006093201609212016110501010000001500000000000045 000000 0000 00004500184000099012900018400000030   
000005568201609212016112001010000002000000000000060 000000 0000 00006000184000099012900018400000030   
000005566201609212016122001010000003000000000000090 000000 0000 00009000184000099012900018400000030   
000005567201609222016102201010000001000000000000030 000000 0000 00003000184000099012900018400000030   
000005567201609222016102202005000000700000000000030 000000 0000 00003000184000099012900018400000030   
000005567201609222016102203003333334000000000000030 000000 0000 00003000184000099012900018400000030   
000005567201609222016102204002500000600000000000030 000000 0000 00003000184000099012900018400000030   
000006093201609222016110601010000001500000000000045 000000 0000 00004500184000099012900018400000030   
000005568201609222016112101010000002000000000000060 000000 0000 00006000184000099012900018400000030   
000005566201609222016122101010000003000000000000090 000000 0000 00009000184000099012900018400000030   
000005567201609232016102301010000001000000000000030 000000 0000 00003000184000099012900018400000030   
000005567201609232016102302005000000700000000000030 000000 0000 00003000184000099012900018400000030   
000005567201609232016102303003333334000000000000030 000000 0000 00003000184000099012900018400000030   
000005567201609232016102304002500000600000000000030 000000 0000 00003000184000099012900018400000030   
000006093201609232016110701010000001500000000000045 000000 0000 00004500184000099012900018400000030   
000005568201609232016112201010000002000000000000060 000000 0000 00006000184000099012900018400000030   
000005566201609232016122201010000003000000000000090 000000 0000 00009000184000099012900018400000030   
